[8.353,-5.373
8.36407,-5.44582
8.37224,-5.51845
8.37755,-5.59087
8.38007,-5.66308
8.37984,-5.73507
8.37692,-5.80682
8.37135,-5.87833
8.3632,-5.94959
8.35251,-6.0206
8.33934,-6.09134
8.32374,-6.1618
8.30576,-6.23199
8.28545,-6.30187
8.26287,-6.37146
8.23807,-6.44074
8.21111,-6.5097
8.18203,-6.57834
8.15088,-6.64664
8.11773,-6.71459
8.08262,-6.7822
8.0456,-6.84944
8.00673,-6.91631
7.96606,-6.9828
7.92365,-7.04891
7.87954,-7.11462
7.83379,-7.17993
7.78645,-7.24482
7.73757,-7.3093
7.68721,-7.37334
7.63542,-7.43694
7.58225,-7.5001
7.52775,-7.5628
7.47198,-7.62504
7.41499,-7.6868
7.35683,-7.74808
7.29755,-7.80887
7.23721,-7.86917
7.17586,-7.92895
7.11355,-7.98822
7.05034,-8.04696
6.98627,-8.10517
6.9214,-8.16284
6.85579,-8.21995
6.78948,-8.27651
6.72252,-8.3325
6.65498,-8.38791
6.5869,-8.44274
6.51833,-8.49697
6.44933,-8.5506
6.37996,-8.60362
6.31025,-8.65602
6.24027,-8.70779
6.17007,-8.75893
6.0997,-8.80942
6.02921,-8.85925
5.95866,-8.90842
5.8881,-8.95692
5.81758,-9.00474
5.74715,-9.05187
5.67686,-9.09831
5.60678,-9.14403
5.53695,-9.18905
5.46742,-9.23334
5.39825,-9.27689
5.32949,-9.31971
5.26119,-9.36178
5.1934,-9.40309
5.12618,-9.44363
5.05958,-9.4834
4.99365,-9.52239
4.92845,-9.56058
4.86402,-9.59797
4.80042,-9.63456
4.73771,-9.67032
4.67593,-9.70526
4.61514,-9.73936
4.55539,-9.77262
4.49673,-9.80502
4.43922,-9.83657
4.3829,-9.86724
4.32783,-9.89704
4.27407,-9.92595
4.22167,-9.95396
4.17067,-9.98107
4.12113,-10.0073
4.07311,-10.0325
4.02665,-10.0569
3.98181,-10.0803
3.93865,-10.1027
3.8972,-10.1242
3.85753,-10.1448
3.8197,-10.1643
3.78374,-10.1829
3.74972,-10.2005
3.71768,-10.2171
3.68768,-10.2327
3.65978,-10.2473
3.63402,-10.2608
3.61046,-10.2733
3.58914,-10.2848
3.54572,-10.3078
3.50254,-10.3295
3.45962,-10.3499
3.41694,-10.3691
3.37452,-10.387
3.33235,-10.4036
3.29044,-10.419
3.2488,-10.4332
3.20742,-10.4462
3.16631,-10.4579
3.12547,-10.4685
3.0849,-10.4778
3.04461,-10.4859
3.0046,-10.4928
2.96486,-10.4986
2.92542,-10.5032
2.88626,-10.5066
2.84739,-10.5089
2.80881,-10.51
2.77053,-10.51
2.73255,-10.5088
2.69487,-10.5065
2.65749,-10.5031
2.62041,-10.4986
2.58365,-10.4929
2.5472,-10.4862
2.51106,-10.4784
2.47525,-10.4695
2.43975,-10.4595
2.40457,-10.4484
2.36972,-10.4363
2.3352,-10.4232
2.30101,-10.409
2.26716,-10.3937
2.23364,-10.3775
2.20046,-10.3602
2.16762,-10.3419
2.13513,-10.3225
2.10298,-10.3022
2.07119,-10.2809
2.03975,-10.2586
2.00867,-10.2354
1.97794,-10.2111
1.94758,-10.1859
1.91758,-10.1598
1.88794,-10.1327
1.85868,-10.1046
1.82979,-10.0757
1.80128,-10.0458
1.77314,-10.015
1.74539,-9.98323
1.71802,-9.95061
1.69103,-9.91709
1.66444,-9.88269
1.63823,-9.84741
1.61242,-9.81126
1.58701,-9.77424
1.562,-9.73637
1.53739,-9.69765
1.51319,-9.65808
1.48939,-9.61769
1.46601,-9.57647
1.44304,-9.53443
1.42049,-9.49158
1.39836,-9.44792
1.37665,-9.40347
1.35536,-9.35824
1.33451,-9.31222
1.31408,-9.26543
1.29409,-9.21787
1.27453,-9.16956
1.25541,-9.12049
1.23673,-9.07068
1.2185,-9.02014
1.20072,-8.96887
1.18338,-8.91688
1.1665,-8.86418
1.15007,-8.81077
1.1341,-8.75666
1.11859,-8.70187
1.10355,-8.64639
1.08897,-8.59024
1.07486,-8.53342
1.06123,-8.47594
1.04806,-8.4178
1.03538,-8.35903
1.02317,-8.29961
1.01145,-8.23957
1.00022,-8.1789
0.98947,-8.11762
0.979214,-8.05574
0.969453,-7.99325
0.960188,-7.93017
0.951422,-7.86651
0.943159,-7.80227
0.935401,-7.73746
0.92815,-7.67209
0.921411,-7.60617
0.915184,-7.5397
0.909474,-7.47269
0.90505,-7.41752
0.900711,-7.36226
0.896458,-7.30689
0.892292,-7.25143
0.888213,-7.19589
0.884223,-7.14026
0.880322,-7.08456
0.87651,-7.02878
0.87279,-6.97292
0.869161,-6.91701
0.865625,-6.86103
0.862182,-6.80499
0.858833,-6.7489
0.855579,-6.69276
0.85242,-6.63658
0.849358,-6.58035
0.846394,-6.52409
0.843528,-6.4678
0.840761,-6.41148
0.838093,-6.35513
0.835527,-6.29877
0.833062,-6.24239
0.830699,-6.186
0.828439,-6.1296
0.826284,-6.0732
0.824233,-6.01681
0.822288,-5.96042
0.820449,-5.90404
0.818717,-5.84767
0.817094,-5.79133
0.815579,-5.735
0.814174,-5.67871
0.81288,-5.62244
0.811697,-5.56622
0.810627,-5.51003
0.809669,-5.45389
0.808825,-5.39779
0.808096,-5.34175
0.807483,-5.28577
0.806985,-5.22985
0.806605,-5.17399
0.806343,-5.11821
0.806199,-5.0625
0.806176,-5.00686
0.806272,-4.95131
0.80649,-4.89585
0.80683,-4.84048
0.807293,-4.78521
0.807879,-4.73003
0.808591,-4.67496
0.809427,-4.62
0.81039,-4.56515
0.811479,-4.51042
0.812697,-4.4558
0.814043,-4.40132
0.815519,-4.34696
0.817125,-4.29274
0.818862,-4.23866
0.820731,-4.18472
0.822733,-4.13092
0.824868,-4.07728
0.827138,-4.02379
0.829543,-3.97046
0.832084,-3.9173
0.834762,-3.8643
0.837578,-3.81148
0.840532,-3.75883
0.843626,-3.70637
0.84686,-3.65409
0.850234,-3.60199
0.853751,-3.5501
0.85741,-3.4984
0.861213,-3.4469
0.86516,-3.39561
0.869252,-3.34453
0.87349,-3.29366
0.877875,-3.24302
0.882408,-3.19259
0.887089,-3.1424
0.891919,-3.09244
0.896899,-3.04271
0.90203,-2.99322
0.907313,-2.94398
0.912748,-2.89499
0.918337,-2.84625
0.924079,-2.79777
0.929977,-2.74955
0.936031,-2.7016
0.942241,-2.65392
0.948609,-2.60651
0.955135,-2.55938
0.96182,-2.51253
0.968665,-2.46598
0.97567,-2.41971
0.982838,-2.37374
0.990167,-2.32807
0.99766,-2.2827
1.00532,-2.23764
1.01314,-2.1929
1.02113,-2.14847
1.03051,-2.0941
1.03857,-2.04122
1.04534,-1.98978
1.05083,-1.93977
1.05508,-1.89116
1.05812,-1.84392
1.05995,-1.79802
1.06062,-1.75343
1.06013,-1.71013
1.05853,-1.6681
1.05583,-1.62729
1.05205,-1.5877
1.04723,-1.54928
1.04139,-1.51201
1.03454,-1.47586
1.02673,-1.44081
1.01796,-1.40683
1.00827,-1.37388
0.997683,-1.34195
0.986218,-1.31101
0.973903,-1.28103
0.960763,-1.25197
0.946822,-1.22382
0.932105,-1.19655
0.916636,-1.17012
0.90044,-1.14452
0.883543,-1.11971
0.865968,-1.09567
0.84774,-1.07236
0.828884,-1.04977
0.809425,-1.02786
0.789387,-1.0066
0.768795,-0.985978
0.747674,-0.965955
0.726049,-0.946506
0.703943,-0.927604
0.681382,-0.90922
0.658391,-0.891329
0.634994,-0.873902
0.611216,-0.856912
0.587081,-0.840331
0.562615,-0.824132
0.537841,-0.808288
0.512785,-0.792771
0.487472,-0.777554
0.461925,-0.762608
0.43617,-0.747907
0.410231,-0.733424
0.384134,-0.719131
0.357902,-0.704999
0.331561,-0.691003
0.305135,-0.677114
0.278648,-0.663306
0.252126,-0.649549
0.225594,-0.635818
0.199075,-0.622085
0.172595,-0.608322
0.146178,-0.594502
0.119849,-0.580597
0.0936322,-0.56658
0.0675531,-0.552423
0.041636,-0.538099
0.0159057,-0.523581
-0.00961327,-0.508841
-0.0348961,-0.493852
-0.0599182,-0.478585
-0.0846549,-0.463015
-0.109081,-0.447113
-0.133173,-0.430851
-0.156905,-0.414203
-0.180253,-0.397141
-0.203192,-0.379638
-0.225697,-0.361666
-0.247745,-0.343197
-0.269309,-0.324204
-0.290365,-0.30466
-0.310889,-0.284537
-0.330857,-0.263808
-0.350242,-0.242446
-0.369021,-0.220422
-0.387169,-0.19771
-0.404661,-0.174281
-0.421472,-0.15011
-0.437579,-0.125167
-0.452955,-0.0994263
-0.467577,-0.0728596
-0.48142,-0.0454397
-0.494459,-0.017139
-0.506669,0.0120697
-0.518026,0.0422141
-0.528505,0.0733215
-0.538081,0.105419
-0.54673,0.138535
-0.554427,0.172696
-0.561147,0.20793
-0.566865,0.244265
-0.571558,0.281727
-0.575199,0.320344
-0.577765,0.360144
-0.579231,0.401154
-0.581737,0.517255
-0.584167,0.632184
-0.586522,0.745964
-0.588801,0.858615
-0.591005,0.970162
-0.593136,1.08062
-0.595193,1.19003
-0.597177,1.29839
-0.599089,1.40574
-0.600929,1.51209
-0.602698,1.61748
-0.604396,1.72191
-0.606024,1.82541
-0.607583,1.92802
-0.609072,2.02973
-0.610493,2.13059
-0.611846,2.23061
-0.613132,2.32982
-0.61435,2.42823
-0.615503,2.52587
-0.61659,2.62276
-0.617611,2.71893
-0.618568,2.81439
-0.619461,2.90917
-0.620291,3.00329
-0.621058,3.09677
-0.621762,3.18963
-0.622404,3.28191
-0.622985,3.37361
-0.623506,3.46477
-0.623966,3.5554
-0.624366,3.64552
-0.624708,3.73517
-0.624991,3.82435
-0.625216,3.9131
-0.625383,4.00143
-0.625494,4.08937
-0.625548,4.17695
-0.625547,4.26417
-0.62549,4.35107
-0.625379,4.43766
-0.625214,4.52398
-0.624995,4.61003
-0.624723,4.69585
-0.624399,4.78146
-0.624023,4.86687
-0.623596,4.95212
-0.623117,5.03722
-0.622589,5.12219
-0.622011,5.20706
-0.621384,5.29185
-0.620708,5.37658
-0.619984,5.46128
-0.619213,5.54596
-0.618395,5.63065
-0.617531,5.71537
-0.61662,5.80015
-0.615665,5.885
-0.614665,5.96995
-0.61362,6.05502
-0.612533,6.14023
-0.611402,6.22561
-0.610228,6.31118
-0.609013,6.39695
-0.607756,6.48296
-0.606459,6.56922
-0.605121,6.65575
-0.603744,6.74259
-0.602327,6.82974
-0.600872,6.91724
-0.599379,7.0051
-0.597848,7.09336
-0.596281,7.18202
-0.594677,7.27111
-0.593037,7.36066
-0.591362,7.45068
-0.589652,7.54121
-0.587908,7.63225
-0.58613,7.72384
-0.584319,7.816
-0.582476,7.90874
-0.580601,8.0021
-0.578694,8.09608
-0.576757,8.19073
-0.574789,8.28605
-0.572792,8.38206
-0.570765,8.47881
-0.56871,8.57629
-0.566626,8.67454
-0.564515,8.77358
-0.562378,8.87343
-0.560213,8.97412
-0.558023,9.07566
-0.555807,9.17808
-0.553567,9.2814
-0.551303,9.38564
-0.549015,9.49082
-0.546703,9.59698
-0.544369,9.70412
-0.542014,9.81227
-0.540951,9.85792
-0.539783,9.90272
-0.538532,9.94667
-0.537218,9.9898
-0.535861,10.0321
-0.534484,10.0736
-0.533106,10.1142
-0.531749,10.1541
-0.530433,10.1932
-0.52918,10.2315
-0.52801,10.269
-0.526944,10.3057
-0.526004,10.3417
-0.525209,10.3769
-0.524581,10.4114
-0.524142,10.4451
-0.52391,10.4781
-0.523909,10.5104
-0.524157,10.5419
-0.524678,10.5728
-0.52549,10.6029
-0.526616,10.6324
-0.528075,10.6611
-0.52989,10.6892
-0.532081,10.7166
-0.534668,10.7434
-0.537673,10.7695
-0.541116,10.7949
-0.545019,10.8197
-0.549402,10.8439
-0.554287,10.8675
-0.559693,10.8904
-0.565643,10.9127
-0.572157,10.9344
-0.579255,10.9556
-0.586959,10.9761
-0.59529,10.9961
-0.604268,11.0155
-0.613915,11.0343
-0.624251,11.0526
-0.635297,11.0703
-0.647074,11.0875
-0.659603,11.1041
-0.672905,11.1203
-0.687001,11.1359
-0.701912,11.151
-0.717658,11.1656
-0.73426,11.1797
-0.75174,11.1933
-0.770118,11.2065
-0.789416,11.2191
-0.809653,11.2314
-0.830852,11.2431
-0.853032,11.2544
-0.876215,11.2653
-0.900421,11.2757
-0.925672,11.2857
-0.951989,11.2953
-0.979392,11.3045
-1.0079,11.3133
-1.03754,11.3217
-1.06833,11.3297
-1.10028,11.3374
-1.13343,11.3446
-1.16779,11.3515
-1.20338,11.3581
-1.24023,11.3643
-1.27835,11.3701
-1.31777,11.3756
-1.3585,11.3808
-1.40057,11.3857
-1.44399,11.3903
-1.4888,11.3946
-1.535,11.3986
-1.58263,11.4023
-1.6317,11.4057
-1.68223,11.4088
-1.73424,11.4117
-1.78776,11.4144
-1.8428,11.4167
-1.89939,11.4189
-1.95755,11.4208
-2.01729,11.4225
-2.07864,11.424
-2.14162,11.4252
-2.20626,11.4263
-2.27256,11.4272
-2.34056,11.4279
-2.41027,11.4284
-2.48171,11.4287
-2.55491,11.4289
-2.62988,11.4289
-2.70665,11.4288
-2.78524,11.4286
-2.86567,11.4282
-2.94796,11.4277
-3.03212,11.427
-3.11819,11.4263
-3.20618,11.4255
]