8.353
8.33934
8.08262
7.63542
7.05034
6.37996
5.67686
4.99365
4.3829
3.8972
3.58914
3.58914
3.16631
2.77053
2.40457
2.07119
1.77314
1.51319
1.29409
1.11859
0.98947
0.909474
0.909474
0.869161
0.838093
0.817094
0.806985
0.808591
0.822733
0.850234
0.891919
0.948609
1.02113
1.02113
1.05853
0.986218
0.828884
0.611216
0.357902
0.0936322
-0.156905
-0.369021
-0.518026
-0.579231
-0.579231
-0.600929
-0.615503
-0.623506
-0.62549
-0.622011
-0.61362
-0.600872
-0.584319
-0.564515
-0.542014
-0.542014
-0.52918
-0.524678
-0.549402
-0.624251
-0.770118
-1.0079
-1.3585
-1.8428
-2.48171
-3.29612
