-5.373
-6.09134
-6.7822
-7.43694
-8.04696
-8.60362
-9.09831
-9.52239
-9.86724
-10.1242
-10.2848
-10.2848
-10.4579
-10.51
-10.4484
-10.2809
-10.015
-9.65808
-9.21787
-8.70187
-8.11762
-7.47269
-7.47269
-6.91701
-6.35513
-5.79133
-5.22985
-4.67496
-4.13092
-3.60199
-3.09244
-2.60651
-2.14847
-2.14847
-1.6681
-1.31101
-1.04977
-0.856912
-0.704999
-0.56658
-0.414203
-0.220422
0.0422141
0.401154
0.401154
1.51209
2.52587
3.46477
4.35107
5.20706
6.05502
6.91724
7.816
8.77358
9.81227
9.81227
10.2315
10.5728
10.8439
11.0526
11.2065
11.3133
11.3808
11.4167
11.4287
11.4245
